2.129297820823244081e+01
8.715223358669030862e-01
-2.328321649849938169e-01
-2.079277647622516323e+00
3.412240596517527091e+00
-1.388948690140467290e+00
-2.962373321972032514e+00
3.379938988774978448e+00
-2.063055653097713993e-01
7.540557726433337882e-01
-5.706992919351260296e-01
1.851505293976356548e-01
3.413353799294245761e+00
-5.061347700342697209e+00
-4.858029430711356955e-01
8.699290000663044253e+00
-8.898187361470771606e+00
1.864094362561049767e+00
1.374565322443791260e+01
7.839510744853828150e-02
2.032254715352341812e-01
-2.768933919988767478e-01
1.827906466480961889e-01
1.889479024202319613e-01
-2.577855891920637355e-01
-3.572767098145543940e-01
-1.283147540025904698e+00
1.940754108614016760e+00
-1.812781494658362580e-01
-4.095712420731787429e-01
1.017003802996376827e-01
-2.057148644792871073e-01
1.283879874904758633e-01
-2.643118336106731192e-01
7.837912134248270490e-02
3.023766003299788174e-02
1.002165428099388578e-01
-1.855425199481559595e-01
2.423305648531970391e-01
-7.065636874112213306e-02
1.123506708186960967e-02
-3.949379471527842966e-01
-1.249533768841670778e-02
4.606494531249438751e-02
2.297055694966246842e-01
3.626081416944515468e-02
-1.059909128729739081e-01
3.337401849342236382e-02
1.271145561694826398e-01
3.255869453336370789e-01
1.588323492170983231e-01
2.308115782622741641e-01
-5.760100036591209172e-02
1.034406455681085024e-01
-9.750746935471055199e-02
3.018442333522067811e-01
-3.048167859938182289e-01
-1.437488939270337163e-01
1.067920618483975126e-01
-2.255859934199406780e-01
4.571079778858968545e-01
5.038696237554756152e-01
-6.783733631344726067e-01
-1.514494123672927017e-01
2.304633171050314289e-01
-8.580022656987207341e-02
-2.130120402676030367e-01
4.418301892675113862e-02
-3.622607166923232924e-01
4.172688944356348628e-01
4.648723485259106947e-02
-1.629898518803509777e-01
-2.419473977603336934e-01
1.931064204781487437e-01
-2.272979126282277385e-01
8.356100080258677121e-01
-1.409672122157304530e+00
6.591178153820154151e-02
2.462365332878782453e+00
-2.692298727592981500e+00
-1.389059261212575169e-01
8.179460379585488106e-01
-8.135184792132699183e-01
6.833378099691772567e-02
6.418314249612508959e-01
5.295705982652647581e-01
-8.020033090245852758e-01
-2.052200301402884453e-01
7.986438873716140696e-01
-3.340602507625797912e+00
3.861697085028601428e+00
